10002
10003
10004
10005
10006
10007
10008
10009
10010
10011
10012
10013
10014
10015
10016
10017
10018
10019
10020
10021
10023
10029
10032
10036
10040
10042
10044
10046
10050
10057
10059
10060
10061
10065
10066
10069
10072
10076
10079
10080
10086
10088
10090
10091
10092
10093
10096
10100
10101
10103
10106
10107
10108
10109
10112
10113
10114
10118
10119
10122
10124
10129
10133
10134
10135
10136
10137
10138
10140
10144
10145
10147
10148
10149
10150
11001
11003
11004
11005
11006
11007
11008
11009
11010
11012
11013
11014
11016
11017
11019
11020
11021
11027
11028
11030
11031
11032
11033
11037
11038
11039
11041
11042
11044
11045
11046
11047
11054
11055
11058
11059
11061
11070
11071
11074
11078
11081
11082
11085
11086
11087
11091
11092
11096
11105
11107
